C=0.1
training_error:0.125
testing_error:0.23333333333333334
w_of_setosa:-0.14732687221039686,0.3506142705998917,-0.7191508013197749,-0.34199949932148777
b_of_setosa:1.894306660993957
support_vector_indices_of_setosa:40,44,59,73,78,10,13,14,15,31,34
slack_variable_of_setosa:0.0,0.0,0.0,0.0,0.0,0.0,0.0,0.0,0.0,0.0,0.0001261910104691788,0.0,0.0,0.09358940620378564,0.05556022794818605,0.00952607023428953,0.0,0.0,0.0,0.0,0.0,0.0,0.0,0.0,0.0,0.0,0.0,0.0,0.0,0.0,0.0,0.0,0.0,0.0,0.027912481235646047,0.0,0.0,0.0,0.0,0.0,0.0,0.0,0.0,0.0,0.052515327486296615,0.0,0.0,0.0,0.0,0.0,0.0,0.0,0.0,0.0,0.0,0.0,0.0,0.0,0.0,0.1071132890137132,0.0,0.0,0.0,0.0,0.0,0.0,0.0,0.0,0.0,0.0,0.0,0.0,0.0,0.24888797864497847,0.0,0.0,0.0,0.0,0.4858234360077007,0.0,0.0,0.0,0.0,0.0,0.0,0.0,0.0,0.0,0.0,0.0,0.0,0.0,0.0,0.0,0.0,0.0,0.0,0.0,0.0,0.0,0.0,0.0,0.0,0.0,0.0,0.0,0.0,0.0,0.0,0.0,0.0,0.0,0.0,0.0,0.0,0.0,0.0,0.0,0.0,0.0
w_of_versicolor:-0.15533516774169698,-0.5861418407823167,0.18867405128687925,-0.26726424735054577
b_of_versicolor:1.433232937779845
support_vector_indices_of_versicolor:2,3,14,15,19,20,24,27,28,31,32,35,37,81,82,83,84,86,88,89,91,92,93,95,96,97,98,99,100,102,103,104,105,107,108,109,112,113,115,116,117,119,40,41,42,43,44,45,46,47,48,49,50,51,52,53,54,55,56,57,58,59,60,61,62,63,64,65,66,67,68,69,70,71,72,73,74,75,76,77,78,79
slack_variable_of_versicolor:0.0,0.0,0.1666158573393257,0.1876812258241103,0.0,0.0,0.0,0.0,0.0,0.0,0.0,0.0,0.0,0.0,0.0,0.14655720931330785,0.0,0.0,0.0,0.07592939147935351,0.11901005878341553,0.0,0.0,0.0,0.11133556161561242,0.0,0.0,0.11133556161561242,0.18315609457226212,0.0,0.0,0.5511954416106599,0.0659277264157987,0.0,0.0,0.11316300786921674,0.0,0.05372809799614742,0.0,0.0,1.1226316503397415,1.8501354298640431,1.3008581605944625,1.7015248289556564,1.8046722767653207,1.968556513143202,1.7469326641554705,1.5439946423085933,1.3712202921746353,1.460160475596221,1.9343386414535428,1.748256056043186,1.4871267406687476,1.5894577954073157,1.7968685750578628,1.8944088122908005,1.7327778571679249,1.8769171724980065,1.7504525471739172,1.5830513722283197,1.4048801798725081,1.397021160266141,1.635182302036078,1.546746172980381,1.7158656306071312,2.0702498923001302,1.9386807224921927,1.4107825486856147,1.7689494352001127,1.4792124031634724,1.4356305419918982,1.7790064181625762,1.5577007128291591,1.3362090128318123,1.5742394778367295,1.7388891221105396,1.7070013627673626,1.7658015415095234,1.5522995378835638,1.667254583817819,0.0,0.3486752959751527,0.09498063743104512,0.49130964142968536,0.21189527860929025,0.0,0.2217604619587179,0.0,0.4003265451079663,0.7541837670171438,0.0,0.31213320084047225,0.3255426408992912,0.31546561696962505,0.0,0.0901345020265063,0.2535175445368749,0.1706900982832693,0.29321047781287546,0.2230809093957029,0.28566518518472717,0.0,0.26648405307782075,0.3747655173539328,0.6441243694372296,0.014930567765536251,0.0,0.1786797946546559,0.1673562099287509,0.0019655314499560372,0.0,0.0,0.4041415863627946,0.0,0.0,0.0004590893490419301,0.4248349655197219,0.11170539710254501,0.0,0.2394919420889845
w_of_virginica:0.09176465640249176,-0.08722690842768221,1.1055461831446372,0.8989915648301726
b_of_virginica:-7.220857460580074
support_vector_indices_of_virginica:41,43,45,46,48,50,52,53,54,55,56,57,58,63,64,65,66,67,70,71,77,80,81,83,84,86,89,91,93,96,97,103,104,107,108,109,111,112,115,116,117,119
slack_variable_of_virginica:0.0,0.0,0.0,0.0,0.0,0.0,0.0,0.0,0.0,0.0,0.0,0.0,0.0,0.0,0.0,0.0,0.0,0.0,0.0,0.0,0.0,0.0,0.0,0.0,0.0,0.0,0.0,0.0,0.0,0.0,0.0,0.0,0.0,0.0,0.0,0.0,0.0,0.0,0.0,0.0,0.0,0.0506546033643156,0.0,0.5406041605768834,0.0,0.24655371778945145,0.35478906138695887,0.0,0.4796293819706001,0.0,0.9662344010146127,0.0,0.9048562483403995,0.36952853845361666,0.03601592775675844,0.2460999429919699,0.7241167292158597,1.188301587968053,0.4002176147907246,0.0,0.0,0.0,0.0,1.1708898628460602,0.3364361301064607,0.4465033170599009,0.6681167292158596,0.18973022548758323,0.0,0.0,0.0002512713542675016,0.42132685141965176,0.0,0.0,0.0,0.0,0.0,0.01766299647626024,0.0,0.0,0.4672446372344661,0.3015975685149641,0.0,0.5901521447715457,0.13699250741306912,0.0,0.1873790952571106,0.0,0.0,0.9859504577375793,0.0,0.7360513012545633,0.0,0.8428916638960855,0.0,0.0,0.9713454386935672,0.8874126677048881,0.0,0.0,0.0,0.0,0.0,0.9002025875589776,0.43823620206463865,0.0,0.0,0.20527825174012726,1.0071437516596013,0.00025307240429128797,0.0,0.1521186143816493,0.5777655989853869,0.0,0.0,0.051194236504915835,0.6249925074130669,0.33924463723446596,0.0,0.684656362356459

C=0.2
training_error:0.058333333333333334
testing_error:0.16666666666666666
w_of_setosa:-0.1546770064735875,0.39234238811137917,-0.765430674731124,-0.35448966854103287
b_of_setosa:1.8947324961436014
support_vector_indices_of_setosa:59,73,78,13,14,31,34
slack_variable_of_setosa:0.0,0.0,0.0,0.0,0.0,0.0,0.0,0.0,0.0,0.0,0.0,0.0,0.0,0.07786733741757101,0.03896923104827166,0.0,0.0,0.0,0.0,0.0,0.0,0.0,0.0,0.0,0.0,0.0,0.0,0.0,0.0,0.0,0.0,0.00033331804414149513,0.0,0.0,0.0,0.0,0.0,0.0,0.0,0.0,0.0,0.0,0.0,0.0,0.0,0.0,0.0,0.0,0.0,0.0,0.0,0.0,0.0,0.0,0.0,0.0,0.0,0.0,0.0,0.0,0.0,0.0,0.0,0.0,0.0,0.0,0.0,0.0,0.0,0.0,0.0,0.0,0.0,0.14332406127809372,0.0,0.0,0.0,0.0,0.40050507381824496,0.0,0.0,0.0,0.0,0.0,0.0,0.0,0.0,0.0,0.0,0.0,0.0,0.0,0.0,0.0,0.0,0.0,0.0,0.0,0.0,0.0,0.0,0.0,0.0,0.0,0.0,0.0,0.0,0.0,0.0,0.0,0.0,0.0,0.0,0.0,0.0,0.0,0.0,0.0,0.0,0.0
w_of_versicolor:-0.3110522839444485,-1.1716811392227813,0.37792789016532746,-0.5352117143330721
b_of_versicolor:3.865448365377384
support_vector_indices_of_versicolor:2,3,14,15,19,20,24,27,28,31,32,35,37,81,82,83,84,86,88,89,91,92,93,95,96,97,98,99,100,102,103,104,105,107,108,109,112,113,115,116,117,119,40,41,42,43,44,45,46,47,48,49,50,51,52,53,54,55,56,57,58,59,60,61,62,63,64,65,66,67,68,69,70,71,72,73,74,75,76,77,78,79
slack_variable_of_versicolor:0.0,0.0,0.3329318595738382,0.37507963449646464,0.0,0.0,0.0,0.0,0.0,0.0,0.0,0.0,0.0,0.0,0.0,0.292785809384708,0.0,0.0,0.0,0.15176526672348611,0.23782815225131948,0.0,0.0,0.0,0.22245130627364862,0.0,0.0,0.22245130627364862,0.3660388127017784,0.0,0.0,1.1015892103299736,0.13170258485722197,0.0,0.0,0.22588951670722413,0.0,0.10728491708486487,0.0,0.0,0.2456394315448467,1.7003239603684381,0.6020639982511882,1.4028811867190791,1.6095545524954078,1.9372271519799034,1.4936299081355067,1.087901322057156,0.7429163671239505,0.920461386890083,1.8684669684137205,1.4967414244792234,0.9743547812190978,1.178670729930186,1.5938468565352375,1.7889538096631803,1.4656568825413823,1.7538658182583502,1.500882707791007,1.16638471383963,0.8099808335898935,0.7942524511731186,1.2705292429568358,1.0933109172805615,1.431419451346617,2.1402444488357046,1.8773699563636121,0.8219401555905907,1.537758721335023,0.9586057123457192,0.8710814987685604,1.5578420896578908,1.1155683400180259,0.6727293513447465,1.1484615905516549,1.4775499892796269,1.4139030467906561,1.5316363997463478,1.105070346066653,1.3345277218849114,0.0,0.6972902328748027,0.18990821269663982,0.9824635209975678,0.4235620541195919,0.0,0.4437874121798959,0.0,0.8006903162005923,1.5082580347476031,0.0,0.6242716186086454,0.6513320246228931,0.6307454766364238,0.0,0.18067853065688944,0.5068898020920578,0.3414515916584788,0.5864581431355083,0.44647152333499474,0.5714121471403386,0.0,0.5329369717022008,0.7497264550471332,1.288758256196549,0.029675548379218597,0.0,0.35772452665206256,0.3347640310363911,0.0038420813633841533,0.0,0.0,0.8083360252084066,0.0,0.0,0.0005927311748727959,0.8493533220642062,0.22336670226368405,0.0,0.47924762648043373
w_of_virginica:-0.07164497321760277,-0.24000000000000155,1.3760315684645446,1.1621932976234712
b_of_virginica:-7.457591188546857
support_vector_indices_of_virginica:43,45,46,48,50,52,53,55,56,57,58,63,64,65,66,67,71,80,81,83,89,91,93,96,97,103,104,107,108,111,112,116,117,119
slack_variable_of_virginica:0.0,0.0,0.0,0.0,0.0,0.0,0.0,0.0,0.0,0.0,0.0,0.0,0.0,0.0,0.0,0.0,0.0,0.0,0.0,0.0,0.0,0.0,0.0,0.0,0.0,0.0,0.0,0.0,0.0,0.0,0.0,0.0,0.0,0.0,0.0,0.0,0.0,0.0,0.0,0.0,0.0,0.0,0.0,0.5037934632819816,0.0,0.0,0.3566289659602191,0.0,0.50564198202966,0.0,1.0486029338213436,0.0,0.9768901120937166,0.29535480375728707,0.0,0.03116150613381663,0.615245138876114,1.198273939177823,0.35197097667317934,0.0,0.0,0.0,0.0,1.3418092475142531,0.3709579606037412,0.3481903064355256,0.529025809113767,0.10443566833675177,0.0,0.0,0.0,0.3421903064355263,0.0,0.0,0.0,0.0,0.0,0.0,0.0,0.0,0.3491359200451605,0.06298443879283866,0.0,0.2614230983175325,0.0,0.0,0.0,0.0,0.0,0.7920132390945476,0.0,0.46386175784222594,0.0,0.7224518986192416,0.0,0.0,0.8768905581439368,0.7801229039757214,0.0,0.0,0.0,0.0,0.0,0.8199035742133756,0.18577812509992953,0.0,0.0,0.0,0.9105615635004165,0.0,0.0,0.005135920045161058,0.2952037685551847,0.0,0.0,0.0,0.4206294120104399,0.16353276319870602,0.0,0.4905875956392931

C=0.30000000000000004
training_error:0.05
testing_error:0.13333333333333333
w_of_setosa:-0.08447998447476385,0.44581505498075247,-0.8401826951612847,-0.39556636789193445
b_of_setosa:1.5653602744724038
support_vector_indices_of_setosa:73,78,13,14,31
slack_variable_of_setosa:0.0,0.0,0.0,0.0,0.0,0.0,0.0,0.0,0.0,0.0,0.0,0.0,0.0,0.020391730632560057,0.0,0.0,0.0,0.0,0.0,0.0,0.0,0.0,0.0,0.0,0.0,0.0,0.0,0.0,0.0,0.0,0.0,0.0003324432855533743,0.0,0.0,0.0,0.0,0.0,0.0,0.0,0.0,0.0,0.0,0.0,0.0,0.0,0.0,0.0,0.0,0.0,0.0,0.0,0.0,0.0,0.0,0.0,0.0,0.0,0.0,0.0,0.0,0.0,0.0,0.0,0.0,0.0,0.0,0.0,0.0,0.0,0.0,0.0,0.0,0.0,0.0001657166301416435,0.0,0.0,0.0,0.0,0.2933789009380068,0.0,0.0,0.0,0.0,0.0,0.0,0.0,0.0,0.0,0.0,0.0,0.0,0.0,0.0,0.0,0.0,0.0,0.0,0.0,0.0,0.0,0.0,0.0,0.0,0.0,0.0,0.0,0.0,0.0,0.0,0.0,0.0,0.0,0.0,0.0,0.0,0.0,0.0,0.0,0.0,0.0
w_of_versicolor:-0.27866491540572436,-1.4099999999999964,0.48818540030646784,-0.7541801465236491
b_of_versicolor:4.261237512499909
support_vector_indices_of_versicolor:2,3,15,19,20,24,27,28,31,32,35,37,81,82,83,84,86,88,89,91,92,93,95,96,97,98,99,100,102,103,104,105,107,108,109,112,113,116,117,119,41,42,43,44,45,46,47,48,49,50,51,52,53,54,55,56,57,58,59,60,61,62,63,64,65,66,67,68,69,70,71,72,73,74,75,76,77,78,79
slack_variable_of_versicolor:0.0,0.0,0.3016874643291336,0.29456430194005456,0.0,0.0,0.0,0.0,0.0,0.0,0.0,0.0,0.0,0.0,0.0,0.2681735466569162,0.0,0.0,0.0,0.0697730212786336,0.18290652973806143,0.0,0.0,0.0,0.1816395128192072,0.0,0.0,0.1816395128192072,0.2889168758084111,0.0,0.0,1.1726323696154708,0.006916875808411049,0.0,0.0,0.15085143502440346,0.0,2.4327579124516774e-06,0.0,0.0,0.0,1.6937770268921621,0.3141905252322079,1.2889992951677094,1.6112527631495972,1.8846538645030826,1.4637219321785047,0.9146390021204143,0.502920881421943,0.7499611137529278,1.909119830665377,1.4143110607298723,0.7585132128399268,0.9971632658629801,1.4924549152596498,1.7157873729625113,1.2942461959210698,1.6769966682762973,1.4341878983407952,1.038683750763722,0.6299131622430028,0.6033136876212843,1.1631121114864378,0.9346946728092815,1.4079889490973603,2.214605912993158,1.813616259063508,0.5697698836884313,1.508160062996362,0.8241121114864391,0.694419936711486,1.478817835198356,0.9732935714557911,0.5182553900410101,1.0363415229657171,1.411789999853923,1.3462080145062885,1.4367219321785036,1.049995516325886,1.254026554536936,0.0,0.8252223971326282,0.23755748172690438,1.0804142031723298,0.3766941930529457,0.0,0.5474110003057167,0.0,1.0833825889860762,1.7969048018124352,0.0,0.636462154682258,0.9299995528818776,0.7332327432029793,0.0,0.3144382596749429,0.5712806947129057,0.3659657262841254,0.6798419879198399,0.6496372089183788,0.7961058019720797,0.0,0.6044239732674743,0.9161238672213674,1.5733675651081107,0.12883426874090365,0.0,0.43427749184628794,0.34501367779405,0.019872450155684618,0.0,0.0,0.8947842663147689,0.0,0.0,0.0,0.9886332685812604,0.2501193509090456,0.0,0.5193357894265631
w_of_virginica:-0.1286442821051188,-0.4223148882164689,1.5263467916532132,1.3468104477008023
b_of_virginica:-7.685069860412573
support_vector_indices_of_virginica:43,46,48,50,52,53,56,57,58,63,64,65,66,67,71,80,81,83,89,91,93,96,97,103,104,108,111,112,116,117,119
slack_variable_of_virginica:0.0,0.0,0.0,0.0,0.0,0.0,0.0,0.0,0.0,0.0,0.0,0.0,0.0,0.0,0.0,0.0,0.0,0.0,0.0,0.0,0.0,0.0,0.0,0.0,0.0,0.0,0.0,0.0,0.0,0.0,0.0,0.0,0.0,0.0,0.0,0.0,0.0,0.0,0.0,0.0,0.0,0.0,0.0,0.36485139046966797,0.0,0.0,0.2163537291400175,0.0,0.4770190704501216,0.0,0.9552446386713926,0.0,0.9479988924359546,0.13772078975115498,0.0,0.0,0.46966656098305215,1.1073805041911546,0.20712750511961708,0.0,0.0,0.0,0.0,1.342079602524918,0.24208258556104134,0.130651105781463,0.3378828883333842,0.0,0.0,0.0,0.0,0.16998522248269854,0.0,0.0,0.0,0.0,0.0,0.0,0.0,0.0,0.39467580355555487,6.56176762463545e-05,0.0,0.1487746352852506,0.0,0.0,0.0,0.0,0.0,0.7340786773022474,0.0,0.4152393527050018,0.0,0.7324209508970982,0.0,0.0,0.9144226906735549,0.8333865609410154,0.0,0.0,0.0,0.0,0.0,0.8734262156983439,0.13474203057749978,0.0,0.0,0.0,0.9731568118958247,0.0,0.0,0.0,0.2281484067438173,0.0,0.0,0.0,0.36064224931840183,0.15757814674693815,0.0,0.5023883461893499

C=0.4
training_error:0.05
testing_error:0.1
w_of_setosa:-0.064819133532247,0.4443152869061273,-0.8470848724414215,-0.38951401348258785
b_of_setosa:1.4875714813087575
support_vector_indices_of_setosa:73,78,13,14,31
slack_variable_of_setosa:0.0,0.0,0.0,0.0,0.0,0.0,0.0,0.0,0.0,0.0,0.0,0.0,0.0,0.011566942807192615,0.0002524445004137288,0.0,0.0,0.0,0.0,0.0,0.0,0.0,0.0,0.0,0.0,0.0,0.0,0.0,0.0,0.0,0.0,0.0002539979208855403,0.0,0.0,0.0,0.0,0.0,0.0,0.0,0.0,0.0,0.0,0.0,0.0,0.0,0.0,0.0,0.0,0.0,0.0,0.0,0.0,0.0,0.0,0.0,0.0,0.0,0.0,0.0,0.0,0.0,0.0,0.0,0.0,0.0,0.0,0.0,0.0,0.0,0.0,0.0,0.0,0.0,0.0005068809923367557,0.0,0.0,0.0,0.0,0.29806208540450485,0.0,0.0,0.0,0.0,0.0,0.0,0.0,0.0,0.0,0.0,0.0,0.0,0.0,0.0,0.0,0.0,0.0,0.0,0.0,0.0,0.0,0.0,0.0,0.0,0.0,0.0,0.0,0.0,0.0,0.0,0.0,0.0,0.0,0.0,0.0,0.0,0.0,0.0,0.0,0.0,0.0
w_of_versicolor:-0.3901583402346205,-1.6680133740839926,0.6227096711455922,-0.9260459009147493
b_of_versicolor:5.445526630499139
support_vector_indices_of_versicolor:2,3,15,19,20,24,27,28,31,32,35,37,81,82,83,84,86,88,89,91,92,93,95,96,97,98,99,100,102,103,104,105,107,108,109,112,116,117,119,41,42,43,44,45,46,47,48,49,50,51,52,53,54,55,56,57,58,59,60,61,62,63,64,65,66,67,68,69,70,71,72,73,74,75,76,77,78,79
slack_variable_of_versicolor:0.0,0.0,0.3479154246333369,0.35618169340697037,0.0,0.0,0.0,0.0,0.0,0.0,0.0,0.0,0.0,0.0,0.0,0.3018211007240561,0.0,0.0,0.0,0.08526592797764287,0.2130514313625813,0.0,0.0,0.0,0.20436922031603455,0.0,0.0,0.20436922031603455,0.34910320352115054,0.0,0.0,1.3850921412650088,0.015500528704351701,0.0,0.0,0.16270624445038706,0.0,0.0,0.0,0.0,0.0,1.6341359316977364,0.000260050225747932,1.1414068366719894,1.538703714723356,1.8959174169732398,1.3302755282836731,0.6939641021062624,0.22995983315725166,0.49947628356313256,1.8719265741016047,1.3178976789740302,0.5202958109476743,0.7893963190806401,1.4149336171091385,1.6901002455413776,1.185445370313265,1.6333040471519098,1.3195375269691212,0.8617727333617546,0.3559300792458302,0.3255964562689142,1.003715216518331,0.7049136395564437,1.2522438602367494,2.246148804102593,1.8017091057210362,0.31283879152072114,1.3941502165589599,0.5833986626080607,0.4085115414667486,1.3704791411949495,0.7746429119953717,0.21279981720144203,0.8314752372192027,1.278290493376388,1.2040937460594634,1.3369019490622147,0.8648358174768545,1.0995633757656238,0.0,0.9857511883044019,0.26861659403152593,1.313047209850283,0.465479970350283,0.0,0.6634778663763363,0.0,1.2712637968748437,2.1594266704624694,0.0,0.7893880645339886,1.090932958103351,0.8682877439611021,0.0,0.36811918896809903,0.6782312734616065,0.44591539978282935,0.8205535720567312,0.7623891097387281,0.9269592475778561,0.0,0.7279489819652563,1.103842111056248,1.9194358795842401,0.10589071032477193,0.0,0.5356923629913988,0.4226602666917314,0.0005284554851048284,0.0,0.0,1.0953042582160561,0.0,0.0,0.0,1.171556795800985,0.2914557848497088,0.0,0.648489002058871
w_of_virginica:-0.18089993794873394,-0.4874791490293502,1.7639730704284915,1.5621223817993282
b_of_virginica:-8.694341631769353
support_vector_indices_of_virginica:43,46,48,50,52,53,56,57,58,63,64,65,66,71,80,83,89,91,93,96,97,103,104,108,112,116,117,119
slack_variable_of_virginica:0.0,0.0,0.0,0.0,0.0,0.0,0.0,0.0,0.0,0.0,0.0,0.0,0.0,0.0,0.0,0.0,0.0,0.0,0.0,0.0,0.0,0.0,0.0,0.0,0.0,0.0,0.0,0.0,0.0,0.0,0.0,0.0,0.0,0.0,0.0,0.0,0.0,0.0,0.0,0.0,0.0,0.0,0.0,0.2661239800912245,0.0,0.0,0.11124365825689075,0.0,0.39268701471113054,0.0,0.9573064827347455,0.0,0.9339425043788498,0.0024474186342944293,0.0,0.0,0.36463924547289395,1.1066647380873942,0.08763159798033193,0.0,0.0,0.0,0.0,1.3997235082232287,0.14742364584663648,0.00010426164558907658,0.2163004256960468,0.0,0.0,0.0,0.0,0.04097875814543883,0.0,0.0,0.0,0.0,0.0,0.0,0.0,0.0,0.30961708254608133,0.0,0.0,5.903490939829226e-05,0.0,0.0,0.0,0.0,0.0,0.689146462484878,0.0,0.30461009286617724,0.0,0.6949166108872209,0.0,0.0,0.9019718390381346,0.8049803680062784,0.0,0.0,0.0,0.0,0.0,0.8595066262442597,5.651181433030672e-05,0.0,0.0,0.0,0.9632876812542577,0.0,0.0,0.0,0.09545978964722757,0.0,0.0,0.0,0.2648112358585717,0.03572394569736126,0.0,0.41600576633083897

C=0.5
training_error:0.05
testing_error:0.1
w_of_setosa:-0.04521495694126637,0.4433194724688093,-0.8544886309298712,-0.3837792357939376
b_of_setosa:1.409954507241739
support_vector_indices_of_setosa:73,78,13,14,31
slack_variable_of_setosa:0.0,0.0,0.0,0.0,0.0,0.0,0.0,0.0,0.0,0.0,0.0,0.0,0.0,0.0022078044893986126,7.532560793044318e-05,0.0,0.0,0.0,0.0,0.0,0.0,0.0,0.0,0.0,0.0,0.0,0.0,0.0,0.0,0.0,0.0,0.0,0.0,0.0,0.0,0.0,0.0,0.0,0.0,0.0,0.0,0.0,0.0,0.0,0.0,0.0,0.0,0.0,0.0,0.0,0.0,0.0,0.0,0.0,0.0,0.0,0.0,0.0,0.0,0.0,0.0,0.0,0.0,0.0,0.0,0.0,0.0,0.0,0.0,0.0,0.0,0.0,0.0,0.0,0.0,0.0,0.0,0.0,0.3020338558503586,0.0,0.0,0.0,0.0,0.0,0.0,0.0,0.0,0.0,0.0,0.0,0.0,0.0,0.0,0.0,0.0,0.0,0.0,0.0,0.0,0.0,0.0,0.0,0.0,0.0,0.0,0.0,0.0,0.0,0.0,0.0,0.0,0.0,0.0,0.0,0.0,0.0,0.0,0.0,0.0,0.0
w_of_versicolor:-0.4342316203470955,-1.8639495554534045,0.7166970087740259,-1.0808754761483943
b_of_versicolor:6.174489466795424
support_vector_indices_of_versicolor:2,3,15,19,20,24,27,28,31,32,35,37,81,82,83,84,86,88,89,91,92,93,95,96,97,98,99,100,102,103,104,105,107,108,109,112,113,116,117,119,41,43,44,45,46,47,48,49,50,51,52,53,54,55,56,57,58,59,60,61,62,63,64,65,66,67,68,69,70,71,72,73,74,75,76,77,78,79
slack_variable_of_versicolor:0.0,0.0,0.3936172874379489,0.39572399497928856,0.0,0.0,0.0,0.0,0.0,0.0,0.0,0.0,0.0,0.0,0.0,0.3420228175084956,0.0,0.0,0.0,0.09950239252194226,0.24247418603257387,0.0,0.0,0.0,0.23546887073530165,0.0,0.0,0.23546887073530165,0.38755268708454427,0.0,0.0,1.5408066662523803,0.014762775993863109,0.0,0.0,0.17744219220826984,0.0,0.0,0.0,0.0,0.0,1.5905115369843372,0.0,1.0245268535065621,1.487690205369602,1.8728648394377077,1.245232948247999,0.5191354711168108,0.014612276093534327,0.3109261853263545,1.8575458856551208,1.2317322564881996,0.3305415012546531,0.6219568027315425,1.333387595505462,1.6430467218576572,1.0704243313267865,1.5807143214724704,1.232530640841496,0.7193355588011761,0.15277776862370818,0.11635992188627053,0.8786499681012945,0.53781007210124,1.158386624178581,2.272592966183038,1.7659432844203398,0.09992499932130627,1.315736656527931,0.4120084176439214,0.2036370220648127,1.282591509929305,0.6205853116785516,0.0,0.6848820890145069,1.1794025700703994,1.101095162139896,1.2465412714360422,0.7388376830494296,0.9863699074719587,0.0,1.1075740386702089,0.3018608304204742,1.4612294337568095,0.4979409155041248,0.0,0.7563929593691228,0.0,1.44383291134341,2.4305825523628988,0.0,0.8737980282780962,1.2519662413424415,0.9724059448101476,0.0,0.43798941842248595,0.7577644504221137,0.5000674022435456,0.9200130905273971,0.8836150229880397,1.0603050697969936,0.0,0.811925542912558,1.2536130338641307,2.179685321026084,0.12489548214282653,0.0,0.6134211658584903,0.4718208634008505,0.00037301196302141904,0.0,0.0,1.2247736091236598,0.0,0.0,0.0,1.3087780091633912,0.32520876150723677,0.0,0.7302531280677682
w_of_virginica:-0.20245904811115079,-0.4380289067006542,1.8165521928971502,1.638034260604016
b_of_virginica:-9.091808393538786
support_vector_indices_of_virginica:43,46,48,50,52,56,57,58,63,64,65,66,71,80,89,91,93,96,97,103,104,108,112,116,117,119
slack_variable_of_virginica:0.0,0.0,0.0,0.0,0.0,0.0,0.0,0.0,0.0,0.0,0.0,0.0,0.0,0.0,0.0,0.0,0.0,0.0,0.0,0.0,0.0,0.0,0.0,0.0,0.0,0.0,0.0,0.0,0.0,0.0,0.0,0.0,0.0,0.0,0.0,0.0,0.0,0.0,0.0,0.0,0.0,0.0,0.0,0.23395085501352675,0.0,0.0,0.09187047588000752,0.0,0.3208181723738388,0.0,0.9799029161568811,0.0,0.8957844727113891,0.0,0.0,0.0,0.3176876312955006,1.1050484715271178,0.054689747305610936,0.0,0.0,0.0,0.0,1.3960302704444327,0.1323622855022375,0.0,0.1886730708671056,0.0,0.0,0.0,0.0,0.00849274505374531,0.0,0.0,0.0,0.0,0.0,0.0,0.0,0.0,0.2690000027198618,0.0,0.0,0.0,0.0,0.0,0.0,0.0,0.0,0.7304139215553551,0.0,0.2748857353189944,0.0,0.7004110304475386,0.0,0.0,0.9056232355962024,0.7913278928355041,0.0,0.0,0.0,0.0,0.0,0.8723137607193792,0.0,0.0,0.0,0.0,0.9527372073141027,0.0,0.0,0.0,0.07206764175213287,0.0,0.0,0.0,0.26734660375729113,0.0,0.0,0.3875256446338451

C=0.6000000000000001
training_error:0.05
testing_error:0.1
w_of_setosa:-0.037449790455091725,0.4424496078657896,-0.8546983775519469,-0.3883974556712341
b_of_setosa:1.3783761453535757
support_vector_indices_of_setosa:73,78,13,31
slack_variable_of_setosa:0.0,0.0,0.0,0.0,0.0,0.0,0.0,0.0,0.0,0.0,0.0,0.0,0.0,0.0,0.0,0.0,0.0,0.0,0.0,0.0,0.0,0.0,0.0,0.0,0.0,0.0,0.0,0.0,0.0,0.0,0.0,0.00014094112192231112,0.0,0.0,0.0,0.0,0.0,0.0,0.0,0.0,0.0,0.0,0.0,0.0,0.0,0.0,0.0,0.0,0.0,0.0,0.0,0.0,0.0,0.0,0.0,0.0,0.0,0.0,0.0,0.0,0.0,0.0,0.0,0.0,0.0,0.0,0.0,0.0,0.0,0.0,0.0,0.0,0.0,0.0,0.0,0.0,0.0,0.0,0.302173899802884,0.0,0.0,0.0,0.0,0.0,0.0,0.0,0.0,0.0,0.0,0.0,0.0,0.0,0.0,0.0,0.0,0.0,0.0,0.0,0.0,0.0,0.0,0.0,0.0,0.0,0.0,0.0,0.0,0.0,0.0,0.0,0.0,0.0,0.0,0.0,0.0,0.0,0.0,0.0,0.0,0.0
w_of_versicolor:-0.4242998868907355,-1.850582387575137,0.7997560175449268,-1.269265081223896
b_of_versicolor:6.007630929636063
support_vector_indices_of_versicolor:2,3,15,19,20,24,27,28,31,32,35,37,81,82,83,84,86,88,89,91,92,93,95,96,97,98,99,100,102,103,104,105,107,108,112,113,116,117,119,41,43,44,45,46,47,48,49,50,51,52,53,54,55,56,57,58,59,60,61,62,63,64,65,66,67,68,69,70,71,72,73,74,75,76,77,78,79
slack_variable_of_versicolor:0.0,0.0,0.41197622627562946,0.3841993644575199,0.0,0.0,0.0,0.0,0.0,0.0,0.0,0.0,0.0,0.0,0.0,0.36014094428407883,0.0,0.0,0.0,0.11731443283627208,0.259942682904712,0.0,0.0,0.0,0.2644636005835359,0.0,0.0,0.2644636005835359,0.3747940711550415,0.0,0.0,1.5008452456461745,0.004677593640013633,0.0,0.0,0.15812321003085028,0.0,0.0,0.0,0.0,0.0,1.5924079138918383,0.0,0.9654051356176199,1.5060603033492814,1.8300283505305668,1.2251911425611404,0.44014627007276985,0.0,0.27204752681096966,1.8634503052470794,1.2132496010191645,0.27700746257911657,0.5264938806153259,1.2856710005804217,1.602540123083978,0.9973812159291295,1.5458960256132643,1.2098528585599215,0.6925116531531383,0.12453490111887522,0.07758399475097733,0.8539504898265342,0.48680927864032775,1.1403311651829924,2.26207056046988,1.7170280533894777,0.052915977591773355,1.2912405333343315,0.40349495261218316,0.14172427622933625,1.2304389761296264,0.5889166493145277,0.0002782195660673281,0.656090215307298,1.1267684121465233,1.0686366815114,1.2008110232022746,0.7796779991560365,0.9635540445083777,0.0,1.1226424457451945,0.3038459619805671,1.4229155306978702,0.3975803950011896,0.0,0.8119154524149561,0.0,1.5280144271270775,2.485432821515138,0.0,0.8301952013599099,1.378726270470234,0.9720965355386868,0.0,0.5446670628488768,0.7494926837157543,0.5017817966442939,0.92365799600638,1.0086853530996986,1.1530891341328875,0.0,0.7967314878839904,1.3277690246573277,2.3095499964453543,0.14797665806108107,0.0,0.6692872023465153,0.4642361835788744,0.0,0.0,0.0,1.2172711743706506,0.0,0.0,0.0,1.2952621066858176,0.3181356309066983,0.0,0.7465929775314271
w_of_virginica:-0.3094407152611929,-0.4627232842100786,1.8243384020782432,1.7319687738659353
b_of_virginica:-8.55071999023689
support_vector_indices_of_virginica:43,46,48,50,52,56,57,58,63,64,65,66,80,89,91,93,96,97,103,104,108,112,116,117,119
slack_variable_of_virginica:0.0,0.0,0.0,0.0,0.0,0.0,0.0,0.0,0.0,0.0,0.0,0.0,0.0,0.0,0.0,0.0,0.0,0.0,0.0,0.0,0.0,0.0,0.0,0.0,0.0,0.0,0.0,0.0,0.0,0.0,0.0,0.0,0.0,0.0,0.0,0.0,0.0,0.0,0.0,0.0,0.0,0.0,0.0,0.21894089564065844,0.0,0.0,0.13571812182119203,0.0,0.3202323200325381,0.0,1.0172334031840702,0.0,0.8802066240746917,0.0,0.0,0.0,0.23103856358665364,1.053896290846188,0.058214164137721625,0.0,0.0,0.0,0.0,1.4185587396132746,0.19760626487343025,4.939941927517566e-05,0.11392868702852077,0.0,0.0,0.0,0.0,0.0,0.0,0.0,0.0,0.0,0.0,0.0,0.0,0.0,0.27473575057598687,0.0,0.0,0.0,0.0,0.0,0.0,0.0,0.0,0.7057103358761019,0.0,0.17601747357252862,0.0,0.6927474006075425,0.0,0.0,0.8905094977102568,0.7696762428183277,0.0,0.0,0.0,0.0,0.0,0.893742680772684,0.00033755722590100845,0.0,0.0,0.0,0.9211660115000342,0.0,0.0,0.0,0.0,0.0,0.0,0.0,0.2445720261711095,0.0,0.0,0.3429204193504418

C=0.7000000000000001
training_error:0.05
testing_error:0.1
w_of_setosa:-0.04307696626509849,0.4882050562248359,-0.9387179775100656,-0.43435898875503287
b_of_setosa:1.421615085143773
support_vector_indices_of_setosa:78,13,31
slack_variable_of_setosa:0.0,0.0,0.0,0.0,0.0,0.0,0.0,0.0,0.0,0.0,0.0,0.0,0.0,8.134108988588906e-07,0.0,0.0,0.0,0.0,0.0,0.0,0.0,0.0,0.0,0.0,0.0,0.0,0.0,0.0,0.0,0.0,0.0,7.011216427432743e-07,0.0,0.0,0.0,0.0,0.0,0.0,0.0,0.0,0.0,0.0,0.0,0.0,0.0,0.0,0.0,0.0,0.0,0.0,0.0,0.0,0.0,0.0,0.0,0.0,0.0,0.0,0.0,0.0,0.0,0.0,0.0,0.0,0.0,0.0,0.0,0.0,0.0,0.0,0.0,0.0,0.0,0.0,0.0,0.0,0.0,0.0,0.12848637759312753,0.0,0.0,0.0,0.0,0.0,0.0,0.0,0.0,0.0,0.0,0.0,0.0,0.0,0.0,0.0,0.0,0.0,0.0,0.0,0.0,0.0,0.0,0.0,0.0,0.0,0.0,0.0,0.0,0.0,0.0,0.0,0.0,0.0,0.0,0.0,0.0,0.0,0.0,0.0,0.0,0.0
w_of_versicolor:-0.3929379093974288,-1.9218170957297547,0.8462077239902892,-1.474140417040792
b_of_versicolor:6.067159756600532
support_vector_indices_of_versicolor:2,3,15,19,20,24,27,28,31,35,37,81,82,83,84,86,88,89,91,92,93,95,96,97,98,99,100,102,103,104,105,107,108,112,116,117,119,41,43,44,45,46,47,48,49,50,51,52,53,54,55,56,57,58,59,60,61,62,63,64,65,66,67,68,69,70,71,72,73,74,75,76,77,78,79
slack_variable_of_versicolor:0.0,0.0,0.4528832761859354,0.39548991368756337,0.0,0.0,0.0,0.0,0.0,0.0,0.0,0.0,0.0,0.0,0.0,0.3961231974004278,0.0,0.0,0.0,0.12964115107370588,0.28252906970693914,0.0,0.0,0.0,0.30602854807224666,0.0,0.0,0.30602854807224666,0.3780236258417986,0.0,0.0,1.5365877602088052,0.0,0.0,0.0,0.1580551927777769,0.0,0.0,0.0,0.0,0.0,1.6737633808355348,0.0,0.9896513494428216,1.5765968494293459,1.863639831424317,1.30201969081922,0.4054750250554999,0.0003287598738737074,0.2591796105321986,1.9926442906995518,1.2424010049589693,0.27768458993642664,0.5026415564616871,1.2986017701540886,1.632164330911598,0.9879054040490178,1.605975612569404,1.2670131450052162,0.6817241589369551,0.1123248824185108,0.04953161311345955,0.8695446532617153,0.5223391331691705,1.2234321089397344,2.3753357345741737,1.7571915559313096,0.021596949377462593,1.345674697007178,0.4300931306015858,0.13637770887436673,1.2664538314148261,0.5927421712897107,0.0,0.6845087958892222,1.152933673843811,1.1081660059749163,1.2200141882746012,0.8242976074247448,1.0006050688009696,0.0,1.0474851227576778,0.18817829166967925,1.305628719580664,0.184754405504707,0.0,0.7483017896011459,0.0,1.4931237416821421,2.501362684000757,0.0,0.6837566094024519,1.3817609028503712,0.8957098658053848,0.0,0.5119856958721387,0.6582011747731231,0.397752318965944,0.8143376469736303,1.0219356536281907,1.1393316829795044,0.0,0.6669236052695506,1.3150118261427046,2.3484807308673643,0.04743072419800942,0.0,0.5954138709679127,0.3524253375066575,0.0,0.0,0.0,1.114006323598078,0.0,0.0,0.0,1.2172800156462866,0.19961138899590125,0.0,0.6455814456434874
w_of_virginica:-0.3465066270605579,-0.4029080814839934,1.9019249716636994,1.7746136177269765
b_of_virginica:-8.97370076421241
support_vector_indices_of_virginica:43,46,48,50,52,56,57,58,63,64,66,80,89,91,93,96,97,103,104,108,112,116,119
slack_variable_of_virginica:0.0,0.0,0.0,0.0,0.0,0.0,0.0,0.0,0.0,0.0,0.0,0.0,0.0,0.0,0.0,0.0,0.0,0.0,0.0,0.0,0.0,0.0,0.0,0.0,0.0,0.0,0.0,0.0,0.0,0.0,0.0,0.0,0.0,0.0,0.0,0.0,0.0,0.0,0.0,0.0,0.0,0.0,0.0,0.16768180605176042,0.0,0.0,0.09772067887359803,0.0,0.21214316782445763,0.0,1.0161486512758344,0.0,0.8173900693386855,0.0,0.0,0.0,0.15561047242414006,1.0224485984842282,0.0,0.0,0.0,0.0,0.0,1.39860679726549,0.1670220042857089,0.0,0.0566575752913252,0.0,0.0,0.0,0.0,0.0,0.0,0.0,0.0,0.0,0.0,0.0,0.0,0.0,0.26625510991599555,0.0,0.0,0.0,0.0,0.0,0.0,0.0,0.0,0.7675930209315815,0.0,0.1736209073006343,0.0,0.7308074616400209,0.0,0.0,0.9266401042487349,0.7823785606731075,0.0,0.0,0.0,0.0,0.0,0.9230973607737756,0.0,0.0,0.0,0.0,0.937920395133423,0.0,0.0,0.0,0.0,0.0,0.0,0.0,0.2825719864041538,0.0,0.0,0.33269224092825844

C=0.8
training_error:0.05
testing_error:0.1
w_of_setosa:-0.04575352255127879,0.5221676565626288,-1.0029405805248386,-0.46406881979483006
b_of_setosa:1.4474641258143155
support_vector_indices_of_setosa:78,13,31
slack_variable_of_setosa:0.0,0.0,0.0,0.0,0.0,0.0,0.0,0.0,0.0,0.0,0.0,0.0,0.0,0.0,0.0,0.0,0.0,0.0,0.0,0.0,0.0,0.0,0.0,0.0,0.0,0.0,0.0,0.0,0.0,0.0,0.0,0.0004845161931321673,0.0,0.0,0.0,0.0,0.0,0.0,0.0,0.0,0.0,0.0,0.0,0.0,0.0,0.0,0.0,0.0,0.0,0.0,0.0,0.0,0.0,0.0,0.0,0.0,0.0,0.0,0.0,0.0,0.0,0.0,0.0,0.0,0.0,0.0,0.0,0.0,0.0,0.0,0.0,0.0,0.0,0.0,0.0,0.0,0.0,0.0,0.00024285886053654338,0.0,0.0,0.0,0.0,0.0,0.0,0.0,0.0,0.0,0.0,0.0,0.0,0.0,0.0,0.0,0.0,0.0,0.0,0.0,0.0,0.0,0.0,0.0,0.0,0.0,0.0,0.0,0.0,0.0,0.0,0.0,0.0,0.0,0.0,0.0,0.0,0.0,0.0,0.0,0.0,0.0
w_of_versicolor:-0.3995690527834128,-1.940624572603744,0.9065693886520365,-1.6239677271588615
b_of_versicolor:6.103322235318094
support_vector_indices_of_versicolor:2,3,15,19,20,24,27,28,31,35,37,81,82,83,84,86,88,89,91,92,93,95,96,97,98,99,100,102,103,104,105,107,108,112,116,117,119,41,43,44,45,46,47,48,49,50,51,52,53,54,55,56,57,58,59,60,61,62,63,64,65,66,67,68,69,70,71,72,74,75,76,77,78,79
slack_variable_of_versicolor:0.0,0.0,0.4703174355434454,0.39813114533954064,0.0,0.0,0.0,0.0,0.0,0.0,0.0,0.0,0.0,0.0,0.0,0.40932073000128355,0.0,0.0,0.0,0.14106653131555902,0.2951720832975919,0.0,0.0,0.0,0.32695501186993337,0.0,0.0,0.32695501186993337,0.37709134507572006,0.0,0.0,1.5331748679041146,0.0,0.0,0.0,0.1455238901116731,0.0,0.0,0.0,0.0,0.0,1.7043690523150135,0.0,0.974538938569415,1.6095839669790637,1.874376101355823,1.3125275198843784,0.3608978505413214,0.0,0.23656977591018347,2.035742651792198,1.2526782806495813,0.2592858150700792,0.4556829358772694,1.2946406371493682,1.6403567388171076,0.9695178793922281,1.6235623290518868,1.2782926837373676,0.6708201211938274,0.09320735223667143,0.021467518385987816,0.8670052737035014,0.5086229087412848,1.2326137093276959,2.4110017427551265,1.764802057476099,0.0,1.3503617299134207,0.43074947719841017,0.09978740628208449,1.2592583346949953,0.5822858775779229,0.0,0.6775174192670939,1.1372649236106724,1.1055992390661826,1.2147268265926856,0.8526976993053088,1.0021937206710128,0.0,1.0256730297280994,0.14017836913224624,1.2591286918857403,0.07805426282793437,0.0,0.7472394031149285,0.0,1.5012196493497516,2.5334292114112698,0.0,0.6262412865177556,1.418971175246253,0.8653989522615131,0.0,0.5327008459718092,0.6206364614142759,0.3631253910370722,0.7787878436315641,1.0643054281939222,1.1572970306059407,0.0,0.616391070915677,1.3398406908792033,2.4235608829985393,0.0,0.0,0.5931338511328956,0.31242535745020916,0.0,0.0,0.0,1.0841005836677393,0.0,0.0,0.0,1.1817840329315787,0.15047504108754506,0.0,0.6243530793241607
w_of_virginica:-0.3778620736523637,-0.3963400428139039,1.9235171898240218,1.9758768208981632
b_of_virginica:-9.202689208302566
support_vector_indices_of_virginica:43,46,48,50,52,56,57,58,63,64,65,66,80,89,91,93,96,97,103,104,108,116,119
slack_variable_of_virginica:0.0,0.0,0.0,0.0,0.0,0.0,0.0,0.0,0.0,0.0,0.0,0.0,0.0,0.0,0.0,0.0,0.0,0.0,0.0,0.0,0.0,0.0,0.0,0.0,0.0,0.0,0.0,0.0,0.0,0.0,0.0,0.0,0.0,0.0,0.0,0.0,0.0,0.0,0.0,0.0,0.0,0.0,0.0,0.14972435968802422,0.0,0.0,0.1119056363578288,0.0,0.20226042641753317,0.0,1.0890972089159945,0.0,0.8149790821377358,0.0,0.0,0.0,0.11720663139516319,1.0531913144318725,0.00039481117827477874,0.0,0.0,0.0,0.0,1.4313608157252826,0.18747805108830207,0.0,0.04132678902364262,0.0,0.0,0.0,0.0,0.0,0.0,0.0,0.0,0.0,0.0,0.0,0.0,0.0,0.16538951414858616,0.0,0.0,0.0,0.0,0.0,0.0,0.0,0.0,0.7604085639399827,0.0,0.05148106870069924,0.0,0.6715258801555954,0.0,0.0,0.8657253960541524,0.7148554782692944,0.0,0.0,0.0,0.0,0.0,0.9192194927416324,0.00020815662618467456,0.0,0.0,0.0,0.8694209898864607,0.0,0.0,0.0,0.0,0.0,0.0,0.0,0.20231847052059848,0.0,0.0,0.2545796255740189

C=0.9
training_error:0.05
testing_error:0.06666666666666667
w_of_setosa:-0.04575352255127879,0.5221676565626288,-1.0029405805248386,-0.46406881979483006
b_of_setosa:1.4474641258143155
support_vector_indices_of_setosa:78,13,31
slack_variable_of_setosa:0.0,0.0,0.0,0.0,0.0,0.0,0.0,0.0,0.0,0.0,0.0,0.0,0.0,0.0,0.0,0.0,0.0,0.0,0.0,0.0,0.0,0.0,0.0,0.0,0.0,0.0,0.0,0.0,0.0,0.0,0.0,0.0004845161931321673,0.0,0.0,0.0,0.0,0.0,0.0,0.0,0.0,0.0,0.0,0.0,0.0,0.0,0.0,0.0,0.0,0.0,0.0,0.0,0.0,0.0,0.0,0.0,0.0,0.0,0.0,0.0,0.0,0.0,0.0,0.0,0.0,0.0,0.0,0.0,0.0,0.0,0.0,0.0,0.0,0.0,0.0,0.0,0.0,0.0,0.0,0.00024285886053654338,0.0,0.0,0.0,0.0,0.0,0.0,0.0,0.0,0.0,0.0,0.0,0.0,0.0,0.0,0.0,0.0,0.0,0.0,0.0,0.0,0.0,0.0,0.0,0.0,0.0,0.0,0.0,0.0,0.0,0.0,0.0,0.0,0.0,0.0,0.0,0.0,0.0,0.0,0.0,0.0,0.0
w_of_versicolor:-0.38247919184936396,-1.9420893954613354,0.9303208476274336,-1.7024928657316802
b_of_versicolor:6.011814997132194
support_vector_indices_of_versicolor:2,3,14,15,19,20,24,27,28,31,35,37,81,82,83,84,86,88,89,91,92,93,95,96,97,98,99,100,102,103,104,105,107,108,112,116,117,119,41,43,44,45,46,47,48,49,50,51,52,53,54,55,56,57,58,59,60,61,62,63,64,65,66,68,69,70,71,72,73,74,75,76,77,78,79
slack_variable_of_versicolor:0.0,0.0,0.4818465899764801,0.39398993161293205,0.0,0.0,0.0,0.0,0.0,0.0,0.0,0.0,0.0,0.0,0.0,0.4211656345589265,0.0,0.0,0.0,0.14749151302146846,0.3034525333826652,0.0,0.0,0.0,0.34242181600815336,0.0,0.0,0.34242181600815336,0.3715568953803148,0.0,0.0,1.5225222664451454,0.0,0.0,0.0,0.1413480168301442,0.0,0.0,0.0,0.0,0.0,1.7174721597253582,0.0,0.9643493481622132,1.6262133980545412,1.8613509966523285,1.3236321478823196,0.3383830737989246,0.0,0.22978281243544085,2.05844538996067,1.2511157153821149,0.24819454539523278,0.4296418354697433,1.2809721581948281,1.6288941379212574,0.9448437581478908,1.6196974082492401,1.2824148850759318,0.6641187236443153,0.09035803846711321,0.01314083665668786,0.8649458164707475,0.5060537839803727,1.247136309512447,2.423708869379767,1.7525040289372669,0.0,1.3552619137869568,0.43900138163409697,0.09083269555608808,1.2515903724710897,0.577704792161871,0.0,0.6796030103858124,1.1302284616359817,1.1062688086630166,1.2044763198249555,0.875831979375449,1.005091953879627,0.0,1.0162708490858643,0.12621795008687098,1.223078621611287,0.014238822258023198,0.0,0.7517095673611829,0.0,1.5207730491390477,2.5422081155607197,0.0,0.5856676373950824,1.4570388602407958,0.8526397157929955,0.0,0.5607166777880765,0.6036466106690552,0.3465087355244689,0.760659590681624,1.1035689605011934,1.1838393957923143,0.0,0.5904103041084561,1.3552428054918533,2.4555662333408774,0.0,0.0,0.5957485469999844,0.29172456994666174,0.0,0.0,0.0,1.059694194669997,0.0,0.0,0.0,1.163840393074838,0.1321147399266165,0.0,0.6090687434198268
w_of_virginica:-0.36913782950911944,-0.39060093550466224,1.9991064401959626,2.154897861366602
b_of_virginica:-9.944396599962609
support_vector_indices_of_virginica:43,46,48,50,52,56,57,63,64,66,80,89,91,93,96,97,103,104,108,116,119
slack_variable_of_virginica:0.0,0.0,0.0,0.0,0.0,0.0,0.0,0.0,0.0,0.0,0.0,0.0,0.0,0.0,0.0,0.0,0.0,0.0,0.0,0.0,0.0,0.0,0.0,0.0,0.0,0.0,0.0,0.0,0.0,0.0,0.0,0.0,0.0,0.0,0.0,0.0,0.0,0.0,0.0,0.0,0.0,0.0,0.0,0.08377720190251026,0.0,0.0,0.04495452120407073,0.0,0.1359525719023278,0.0,1.1022942757191707,0.0,0.7815010843784034,0.0,0.0,0.0,0.06435145881618709,1.0694357011153404,0.0,0.0,0.0,0.0,0.0,1.4294333203060585,0.11878208710589355,0.0,0.0,0.0,0.0,0.0,0.0,0.0,0.0,0.0,0.0,0.0,0.0,0.0,0.0,0.0,0.08847691765419086,0.0,0.0,0.0,0.0,0.0,0.0,0.0,0.0,0.7906666420978663,0.0,0.0,0.0,0.6501497443125483,0.0,0.0,0.8522066989317008,0.6935024590621239,0.0,0.0,0.0,0.0,0.0,0.9358579082338032,0.0,0.0,0.0,0.0,0.8564993201308084,0.0,0.0,0.0,0.0,0.0,0.0,0.0,0.15662912705536058,0.0,0.0,0.21985360512110752

C=1.0
training_error:0.05
testing_error:0.06666666666666667
w_of_setosa:-0.04575352255127879,0.5221676565626288,-1.0029405805248386,-0.46406881979483006
b_of_setosa:1.4474641258143155
support_vector_indices_of_setosa:78,13,31
slack_variable_of_setosa:0.0,0.0,0.0,0.0,0.0,0.0,0.0,0.0,0.0,0.0,0.0,0.0,0.0,0.0,0.0,0.0,0.0,0.0,0.0,0.0,0.0,0.0,0.0,0.0,0.0,0.0,0.0,0.0,0.0,0.0,0.0,0.0004845161931321673,0.0,0.0,0.0,0.0,0.0,0.0,0.0,0.0,0.0,0.0,0.0,0.0,0.0,0.0,0.0,0.0,0.0,0.0,0.0,0.0,0.0,0.0,0.0,0.0,0.0,0.0,0.0,0.0,0.0,0.0,0.0,0.0,0.0,0.0,0.0,0.0,0.0,0.0,0.0,0.0,0.0,0.0,0.0,0.0,0.0,0.0,0.00024285886053654338,0.0,0.0,0.0,0.0,0.0,0.0,0.0,0.0,0.0,0.0,0.0,0.0,0.0,0.0,0.0,0.0,0.0,0.0,0.0,0.0,0.0,0.0,0.0,0.0,0.0,0.0,0.0,0.0,0.0,0.0,0.0,0.0,0.0,0.0,0.0,0.0,0.0,0.0,0.0,0.0,0.0
w_of_versicolor:-0.41005815284843816,-1.9307016430214512,0.9869751196423788,-1.7754270468840196
b_of_versicolor:6.0121997781164005
support_vector_indices_of_versicolor:2,3,14,15,19,20,24,27,28,31,35,81,82,83,84,86,88,89,91,92,93,95,96,97,98,99,100,102,103,104,105,107,108,112,116,117,119,41,43,44,45,46,47,48,49,50,51,52,53,54,55,56,57,58,59,60,61,62,63,64,65,66,68,69,70,71,72,74,75,76,77,78,79
slack_variable_of_versicolor:0.0,0.0,0.45603817819047254,0.3649747187219772,0.0,0.0,0.0,0.0,0.0,0.0,0.0,0.0,0.0,0.0,0.0,0.3938788668608577,0.0,0.0,0.0,0.130755984111099,0.2828203331284005,0.0,0.0,0.0,0.32065971056772113,0.0,0.0,0.32065971056772113,0.3438212226772075,0.0,0.0,1.4767638528189773,0.0,0.0,0.0,0.10095276881366821,0.0,0.0,0.0,0.0,0.0,1.7170933205817764,0.0,0.9350045223397281,1.6381053728337225,1.863272278545793,1.2979833388345323,0.30786100091272584,0.0,0.21464677035562563,2.043676691465846,1.2552742370988454,0.22488317646075995,0.386848948660778,1.275269311362809,1.6291962989588047,0.9302775530672509,1.6106451565234288,1.2689364356717618,0.6659700931111647,0.0792683027328751,0.00042311000871020354,0.8603414342180056,0.46815373997044674,1.2159717082648438,2.4118299618708896,1.7447224473414815,0.0,1.3376879773146797,0.4300288524833462,0.050766264240138526,1.2267721986061098,0.5685737579516221,0.0,0.6597799724440048,1.1024535759468819,1.0869261163331405,1.1932576807931206,0.8978953016095463,0.9925534639952325,0.0,1.0325899087534482,0.1316657692593104,1.2321357037705294,0.00044608878988139367,0.0,0.7873113291790474,0.0,1.5615738470268221,2.5760422742644433,0.0,0.5952335141847005,1.5106666085592622,0.8563483808697425,0.0,0.6076178534020391,0.6055865198882033,0.3591495185329956,0.7805268709672131,1.151448567454656,1.2190416873167678,0.0,0.6029841662788105,1.39330135456128,2.5324835782448485,0.0,0.0,0.635246980161746,0.30145782185360126,0.0,0.0,0.0,1.0812297765340357,0.0,0.0,0.0,1.16364351674987,0.1361333839095309,0.0,0.6385561730311577
w_of_virginica:-0.3422213037229671,-0.3396522303944831,2.0524134332939514,2.2234040397440955
b_of_virginica:-10.635753925178173
support_vector_indices_of_virginica:43,46,48,50,52,56,57,63,64,66,80,89,91,93,96,97,103,104,108,116,119
slack_variable_of_virginica:0.0,0.0,0.0,0.0,0.0,0.0,0.0,0.0,0.0,0.0,0.0,0.0,0.0,0.0,0.0,0.0,0.0,0.0,0.0,0.0,0.0,0.0,0.0,0.0,0.0,0.0,0.0,0.0,0.0,0.0,0.0,0.0,0.0,0.0,0.0,0.0,0.0,0.0,0.0,0.0,0.0,0.0,0.0,0.05081344609103233,0.0,0.0,0.0,0.0,0.06620559431049067,0.0,1.1119649969443142,0.0,0.7510531681374317,0.0,0.0,0.0,0.05046509985379721,1.0942606827292174,0.0,0.0,0.0,0.0,0.0,1.4186122038086246,0.06826085297327822,0.0,0.0,0.0,0.0,0.0,0.0,0.0,0.0,0.0,0.0,0.0,0.0,0.0,0.0,0.0,0.03296294735246441,0.0,0.0,0.0,0.0,0.0,0.0,0.0,0.0,0.8391434282979393,0.0,0.0,0.0,0.649856066018236,0.0,0.0,0.8548405020147829,0.6833074743919862,0.0,0.0,0.0,0.0,0.0,0.9403598143221252,0.0001187948260668037,0.0,0.0,0.0,0.8543266873490865,0.0,0.0,0.0,0.0,0.0,0.0,0.0,0.1543438726355344,0.0,0.0,0.2043805269886061

